{
 "cells": [
  {
   "cell_type": "markdown",
   "id": "535f48eb",
   "metadata": {},
   "source": [
    "## 1. Loading Package"
   ]
  },
  {
   "cell_type": "code",
   "execution_count": 1,
   "id": "c41df8a4",
   "metadata": {},
   "outputs": [],
   "source": [
    "#Basic import\n",
    "import pandas as pd\n",
    "import numpy as np\n",
    "import matplotlib.pyplot as plt \n",
    "\n",
    "#Machine Learning\n",
    "from sklearn.linear_model import LinearRegression\n",
    "from sklearn.model_selection import train_test_split\n",
    "from sklearn import metrics\n",
    "from sklearn.metrics import mean_squared_error, r2_score, mean_absolute_error"
   ]
  },
  {
   "cell_type": "markdown",
   "id": "7deccf3e",
   "metadata": {},
   "source": [
    "## 2. Data Loading"
   ]
  },
  {
   "cell_type": "code",
   "execution_count": 2,
   "id": "62e7faf0",
   "metadata": {},
   "outputs": [],
   "source": [
    "data=pd.read_csv(r'/Users/joan/Desktop/Spring2022/Machine Learning 6364/HW2/baseball-9192.csv')\n",
    "data.drop(columns= ['Unnamed: 0','Name'],inplace =True)"
   ]
  },
  {
   "cell_type": "code",
   "execution_count": 3,
   "id": "2b7a3360",
   "metadata": {},
   "outputs": [
    {
     "data": {
      "text/html": [
       "<div>\n",
       "<style scoped>\n",
       "    .dataframe tbody tr th:only-of-type {\n",
       "        vertical-align: middle;\n",
       "    }\n",
       "\n",
       "    .dataframe tbody tr th {\n",
       "        vertical-align: top;\n",
       "    }\n",
       "\n",
       "    .dataframe thead th {\n",
       "        text-align: right;\n",
       "    }\n",
       "</style>\n",
       "<table border=\"1\" class=\"dataframe\">\n",
       "  <thead>\n",
       "    <tr style=\"text-align: right;\">\n",
       "      <th></th>\n",
       "      <th>Salary</th>\n",
       "      <th>BattingAvg</th>\n",
       "      <th>OnBasePct</th>\n",
       "      <th>Runs</th>\n",
       "      <th>Hits</th>\n",
       "      <th>Doubles</th>\n",
       "      <th>Triples</th>\n",
       "      <th>HomeRuns</th>\n",
       "      <th>RBI</th>\n",
       "      <th>Walks</th>\n",
       "      <th>Strikeouts</th>\n",
       "      <th>StolenBases</th>\n",
       "      <th>Errors</th>\n",
       "      <th>FreeAgencyElig</th>\n",
       "      <th>FreeAgent9192</th>\n",
       "      <th>ArbitrationElig</th>\n",
       "      <th>Arbitration9192</th>\n",
       "    </tr>\n",
       "  </thead>\n",
       "  <tbody>\n",
       "    <tr>\n",
       "      <th>0</th>\n",
       "      <td>3300</td>\n",
       "      <td>0.272</td>\n",
       "      <td>0.302</td>\n",
       "      <td>69</td>\n",
       "      <td>153</td>\n",
       "      <td>21</td>\n",
       "      <td>4</td>\n",
       "      <td>31</td>\n",
       "      <td>104</td>\n",
       "      <td>22</td>\n",
       "      <td>80</td>\n",
       "      <td>4</td>\n",
       "      <td>3</td>\n",
       "      <td>1</td>\n",
       "      <td>0</td>\n",
       "      <td>0</td>\n",
       "      <td>0</td>\n",
       "    </tr>\n",
       "    <tr>\n",
       "      <th>1</th>\n",
       "      <td>2600</td>\n",
       "      <td>0.269</td>\n",
       "      <td>0.335</td>\n",
       "      <td>58</td>\n",
       "      <td>111</td>\n",
       "      <td>17</td>\n",
       "      <td>2</td>\n",
       "      <td>18</td>\n",
       "      <td>66</td>\n",
       "      <td>39</td>\n",
       "      <td>69</td>\n",
       "      <td>0</td>\n",
       "      <td>3</td>\n",
       "      <td>1</td>\n",
       "      <td>1</td>\n",
       "      <td>0</td>\n",
       "      <td>0</td>\n",
       "    </tr>\n",
       "    <tr>\n",
       "      <th>2</th>\n",
       "      <td>2500</td>\n",
       "      <td>0.249</td>\n",
       "      <td>0.337</td>\n",
       "      <td>54</td>\n",
       "      <td>115</td>\n",
       "      <td>15</td>\n",
       "      <td>1</td>\n",
       "      <td>17</td>\n",
       "      <td>73</td>\n",
       "      <td>63</td>\n",
       "      <td>116</td>\n",
       "      <td>6</td>\n",
       "      <td>5</td>\n",
       "      <td>1</td>\n",
       "      <td>0</td>\n",
       "      <td>0</td>\n",
       "      <td>0</td>\n",
       "    </tr>\n",
       "    <tr>\n",
       "      <th>3</th>\n",
       "      <td>2475</td>\n",
       "      <td>0.260</td>\n",
       "      <td>0.292</td>\n",
       "      <td>59</td>\n",
       "      <td>128</td>\n",
       "      <td>22</td>\n",
       "      <td>7</td>\n",
       "      <td>12</td>\n",
       "      <td>50</td>\n",
       "      <td>23</td>\n",
       "      <td>64</td>\n",
       "      <td>21</td>\n",
       "      <td>21</td>\n",
       "      <td>0</td>\n",
       "      <td>0</td>\n",
       "      <td>1</td>\n",
       "      <td>0</td>\n",
       "    </tr>\n",
       "    <tr>\n",
       "      <th>4</th>\n",
       "      <td>2313</td>\n",
       "      <td>0.273</td>\n",
       "      <td>0.346</td>\n",
       "      <td>87</td>\n",
       "      <td>169</td>\n",
       "      <td>28</td>\n",
       "      <td>5</td>\n",
       "      <td>8</td>\n",
       "      <td>58</td>\n",
       "      <td>70</td>\n",
       "      <td>53</td>\n",
       "      <td>3</td>\n",
       "      <td>8</td>\n",
       "      <td>0</td>\n",
       "      <td>0</td>\n",
       "      <td>1</td>\n",
       "      <td>0</td>\n",
       "    </tr>\n",
       "  </tbody>\n",
       "</table>\n",
       "</div>"
      ],
      "text/plain": [
       "   Salary  BattingAvg  OnBasePct  Runs  Hits  Doubles  Triples  HomeRuns  RBI  \\\n",
       "0    3300       0.272      0.302    69   153       21        4        31  104   \n",
       "1    2600       0.269      0.335    58   111       17        2        18   66   \n",
       "2    2500       0.249      0.337    54   115       15        1        17   73   \n",
       "3    2475       0.260      0.292    59   128       22        7        12   50   \n",
       "4    2313       0.273      0.346    87   169       28        5         8   58   \n",
       "\n",
       "   Walks  Strikeouts  StolenBases  Errors  FreeAgencyElig  FreeAgent9192  \\\n",
       "0     22          80            4       3               1              0   \n",
       "1     39          69            0       3               1              1   \n",
       "2     63         116            6       5               1              0   \n",
       "3     23          64           21      21               0              0   \n",
       "4     70          53            3       8               0              0   \n",
       "\n",
       "   ArbitrationElig  Arbitration9192  \n",
       "0                0                0  \n",
       "1                0                0  \n",
       "2                0                0  \n",
       "3                1                0  \n",
       "4                1                0  "
      ]
     },
     "execution_count": 3,
     "metadata": {},
     "output_type": "execute_result"
    }
   ],
   "source": [
    "data.head()"
   ]
  },
  {
   "cell_type": "markdown",
   "id": "5c2ee9f6",
   "metadata": {},
   "source": [
    "## 3. Data Convert and Modeling"
   ]
  },
  {
   "cell_type": "markdown",
   "id": "ad0e9d62",
   "metadata": {},
   "source": [
    "##### **3.1 Convert the dataframe into array (matrix)**"
   ]
  },
  {
   "cell_type": "code",
   "execution_count": 4,
   "id": "5272c4d8",
   "metadata": {},
   "outputs": [],
   "source": [
    "data_matrix=np.array(data)"
   ]
  },
  {
   "cell_type": "markdown",
   "id": "877cb6ac",
   "metadata": {},
   "source": [
    " ##### **3.2 Split the data into X(features) and Y(target)**"
   ]
  },
  {
   "cell_type": "code",
   "execution_count": 5,
   "id": "f0007bca",
   "metadata": {},
   "outputs": [],
   "source": [
    "#matraix_name[row, column]\n",
    "X=data_matrix[:,1:]\n",
    "Y=data_matrix[:,0]"
   ]
  },
  {
   "cell_type": "markdown",
   "id": "6372d983",
   "metadata": {},
   "source": [
    "##### 3.3 Split data into two sets: (1) Train data set (2) Test data set"
   ]
  },
  {
   "cell_type": "code",
   "execution_count": 6,
   "id": "66694e47",
   "metadata": {},
   "outputs": [],
   "source": [
    "X_train,X_test,Y_train,Y_test=train_test_split(X,Y,test_size=0.25,random_state=40)"
   ]
  },
  {
   "cell_type": "markdown",
   "id": "3bf5513f",
   "metadata": {},
   "source": [
    "##### 3.4 Run the LinearRegression Model"
   ]
  },
  {
   "cell_type": "code",
   "execution_count": 7,
   "id": "be62ec26",
   "metadata": {},
   "outputs": [],
   "source": [
    "model=LinearRegression()\n",
    "X_train_re = []\n",
    "X_test_re=[]\n",
    "ans=[]\n",
    "\n",
    "for i in np.arange(len(X_train[0])):\n",
    "    X_train_re = np.array(X_train[:,i]).reshape(-1,1)\n",
    "    X_test_re = np.array(X_test[:,i]).reshape(-1,1)\n",
    "    \n",
    "    Y_train_re=np.array(Y_train).reshape(-1,1)\n",
    "    Y_test_re=np.array(Y_test).reshape(-1,1)\n",
    "    \n",
    "    # Train the model using the training sets\n",
    "    model.fit(X_train_re, Y_train_re)\n",
    "\n",
    "    #predit the training set\n",
    "    model_y_predict = model.predict(X_test_re)\n",
    "    \n",
    "    #calculate the results\n",
    "    score=model.score(X_train_re, Y_train_re)\n",
    "    coefficients=model.coef_\n",
    "    MSE=mean_squared_error(Y_test_re, model_y_predict)\n",
    "    MAE=mean_absolute_error(Y_test_re, model_y_predict)\n",
    "    RSME=np.sqrt(mean_squared_error(Y_test_re, model_y_predict))\n",
    "    r2=r2_score(Y_test_re, model_y_predict)\n",
    "    \n",
    "    result=[score,coefficients,MSE,MAE,RSME,r2]\n",
    "    ans.append(result)\n",
    "    "
   ]
  },
  {
   "cell_type": "code",
   "execution_count": 8,
   "id": "0ec73372",
   "metadata": {},
   "outputs": [
    {
     "data": {
      "text/plain": [
       "['BattingAvg',\n",
       " 'OnBasePct',\n",
       " 'Runs',\n",
       " 'Hits',\n",
       " 'Doubles',\n",
       " 'Triples',\n",
       " 'HomeRuns',\n",
       " 'RBI',\n",
       " 'Walks',\n",
       " 'Strikeouts',\n",
       " 'StolenBases',\n",
       " 'Errors',\n",
       " 'FreeAgencyElig',\n",
       " 'FreeAgent9192',\n",
       " 'ArbitrationElig',\n",
       " 'Arbitration9192']"
      ]
     },
     "execution_count": 8,
     "metadata": {},
     "output_type": "execute_result"
    }
   ],
   "source": [
    "#Drop the column named = Salary\n",
    "data.drop(columns= ['Salary'],inplace =True)\n",
    "a = data.columns.tolist()\n",
    "a"
   ]
  },
  {
   "cell_type": "markdown",
   "id": "626da4d2",
   "metadata": {},
   "source": [
    "##### 3.4 Output the results from the model"
   ]
  },
  {
   "cell_type": "code",
   "execution_count": 9,
   "id": "13a41dea",
   "metadata": {},
   "outputs": [
    {
     "data": {
      "text/html": [
       "<div>\n",
       "<style scoped>\n",
       "    .dataframe tbody tr th:only-of-type {\n",
       "        vertical-align: middle;\n",
       "    }\n",
       "\n",
       "    .dataframe tbody tr th {\n",
       "        vertical-align: top;\n",
       "    }\n",
       "\n",
       "    .dataframe thead th {\n",
       "        text-align: right;\n",
       "    }\n",
       "</style>\n",
       "<table border=\"1\" class=\"dataframe\">\n",
       "  <thead>\n",
       "    <tr style=\"text-align: right;\">\n",
       "      <th></th>\n",
       "      <th>Score</th>\n",
       "      <th>Coefficients</th>\n",
       "      <th>MSE</th>\n",
       "      <th>MAE</th>\n",
       "      <th>RSME</th>\n",
       "      <th>r2</th>\n",
       "    </tr>\n",
       "  </thead>\n",
       "  <tbody>\n",
       "    <tr>\n",
       "      <th>BattingAvg</th>\n",
       "      <td>0.087460</td>\n",
       "      <td>[[8900.013896828214]]</td>\n",
       "      <td>1.342270e+06</td>\n",
       "      <td>960.236318</td>\n",
       "      <td>1158.563724</td>\n",
       "      <td>0.038066</td>\n",
       "    </tr>\n",
       "    <tr>\n",
       "      <th>OnBasePct</th>\n",
       "      <td>0.117064</td>\n",
       "      <td>[[8836.559095632105]]</td>\n",
       "      <td>1.296026e+06</td>\n",
       "      <td>939.584877</td>\n",
       "      <td>1138.431184</td>\n",
       "      <td>0.071207</td>\n",
       "    </tr>\n",
       "    <tr>\n",
       "      <th>Runs</th>\n",
       "      <td>0.403552</td>\n",
       "      <td>[[27.17521016628064]]</td>\n",
       "      <td>7.735516e+05</td>\n",
       "      <td>675.743730</td>\n",
       "      <td>879.517830</td>\n",
       "      <td>0.445636</td>\n",
       "    </tr>\n",
       "    <tr>\n",
       "      <th>Hits</th>\n",
       "      <td>0.390506</td>\n",
       "      <td>[[14.864343367220238]]</td>\n",
       "      <td>8.793682e+05</td>\n",
       "      <td>700.540316</td>\n",
       "      <td>937.746340</td>\n",
       "      <td>0.369803</td>\n",
       "    </tr>\n",
       "    <tr>\n",
       "      <th>Doubles</th>\n",
       "      <td>0.337160</td>\n",
       "      <td>[[67.8438494684309]]</td>\n",
       "      <td>9.487089e+05</td>\n",
       "      <td>716.090295</td>\n",
       "      <td>974.016900</td>\n",
       "      <td>0.320110</td>\n",
       "    </tr>\n",
       "    <tr>\n",
       "      <th>Triples</th>\n",
       "      <td>0.075782</td>\n",
       "      <td>[[142.8664117217377]]</td>\n",
       "      <td>1.435882e+06</td>\n",
       "      <td>968.708104</td>\n",
       "      <td>1198.282973</td>\n",
       "      <td>-0.029021</td>\n",
       "    </tr>\n",
       "    <tr>\n",
       "      <th>HomeRuns</th>\n",
       "      <td>0.311671</td>\n",
       "      <td>[[81.55546467249751]]</td>\n",
       "      <td>7.482190e+05</td>\n",
       "      <td>704.596379</td>\n",
       "      <td>864.996536</td>\n",
       "      <td>0.463791</td>\n",
       "    </tr>\n",
       "    <tr>\n",
       "      <th>RBI</th>\n",
       "      <td>0.416526</td>\n",
       "      <td>[[27.578354932326395]]</td>\n",
       "      <td>6.318173e+05</td>\n",
       "      <td>605.681352</td>\n",
       "      <td>794.869384</td>\n",
       "      <td>0.547210</td>\n",
       "    </tr>\n",
       "    <tr>\n",
       "      <th>Walks</th>\n",
       "      <td>0.292921</td>\n",
       "      <td>[[27.218120279023378]]</td>\n",
       "      <td>8.157602e+05</td>\n",
       "      <td>686.996891</td>\n",
       "      <td>903.194416</td>\n",
       "      <td>0.415388</td>\n",
       "    </tr>\n",
       "    <tr>\n",
       "      <th>Strikeouts</th>\n",
       "      <td>0.126206</td>\n",
       "      <td>[[14.133071672671646]]</td>\n",
       "      <td>9.946349e+05</td>\n",
       "      <td>826.032302</td>\n",
       "      <td>997.313867</td>\n",
       "      <td>0.287197</td>\n",
       "    </tr>\n",
       "    <tr>\n",
       "      <th>StolenBases</th>\n",
       "      <td>0.094229</td>\n",
       "      <td>[[32.84716529222174]]</td>\n",
       "      <td>1.466975e+06</td>\n",
       "      <td>1005.526411</td>\n",
       "      <td>1211.187440</td>\n",
       "      <td>-0.051304</td>\n",
       "    </tr>\n",
       "    <tr>\n",
       "      <th>Errors</th>\n",
       "      <td>0.007889</td>\n",
       "      <td>[[18.73741066733525]]</td>\n",
       "      <td>1.350786e+06</td>\n",
       "      <td>990.793477</td>\n",
       "      <td>1162.232987</td>\n",
       "      <td>0.031963</td>\n",
       "    </tr>\n",
       "    <tr>\n",
       "      <th>FreeAgencyElig</th>\n",
       "      <td>0.276386</td>\n",
       "      <td>[[1352.7843137254895]]</td>\n",
       "      <td>7.587720e+05</td>\n",
       "      <td>701.583622</td>\n",
       "      <td>871.075174</td>\n",
       "      <td>0.456228</td>\n",
       "    </tr>\n",
       "    <tr>\n",
       "      <th>FreeAgent9192</th>\n",
       "      <td>0.010226</td>\n",
       "      <td>[[392.4162162162163]]</td>\n",
       "      <td>1.360698e+06</td>\n",
       "      <td>998.504812</td>\n",
       "      <td>1166.489620</td>\n",
       "      <td>0.024859</td>\n",
       "    </tr>\n",
       "    <tr>\n",
       "      <th>ArbitrationElig</th>\n",
       "      <td>0.023867</td>\n",
       "      <td>[[486.82574257425745]]</td>\n",
       "      <td>1.416548e+06</td>\n",
       "      <td>1010.313372</td>\n",
       "      <td>1190.188277</td>\n",
       "      <td>-0.015166</td>\n",
       "    </tr>\n",
       "    <tr>\n",
       "      <th>Arbitration9192</th>\n",
       "      <td>0.013767</td>\n",
       "      <td>[[841.032786885246]]</td>\n",
       "      <td>1.389432e+06</td>\n",
       "      <td>1009.275024</td>\n",
       "      <td>1178.741558</td>\n",
       "      <td>0.004267</td>\n",
       "    </tr>\n",
       "  </tbody>\n",
       "</table>\n",
       "</div>"
      ],
      "text/plain": [
       "                    Score            Coefficients           MSE          MAE  \\\n",
       "BattingAvg       0.087460   [[8900.013896828214]]  1.342270e+06   960.236318   \n",
       "OnBasePct        0.117064   [[8836.559095632105]]  1.296026e+06   939.584877   \n",
       "Runs             0.403552   [[27.17521016628064]]  7.735516e+05   675.743730   \n",
       "Hits             0.390506  [[14.864343367220238]]  8.793682e+05   700.540316   \n",
       "Doubles          0.337160    [[67.8438494684309]]  9.487089e+05   716.090295   \n",
       "Triples          0.075782   [[142.8664117217377]]  1.435882e+06   968.708104   \n",
       "HomeRuns         0.311671   [[81.55546467249751]]  7.482190e+05   704.596379   \n",
       "RBI              0.416526  [[27.578354932326395]]  6.318173e+05   605.681352   \n",
       "Walks            0.292921  [[27.218120279023378]]  8.157602e+05   686.996891   \n",
       "Strikeouts       0.126206  [[14.133071672671646]]  9.946349e+05   826.032302   \n",
       "StolenBases      0.094229   [[32.84716529222174]]  1.466975e+06  1005.526411   \n",
       "Errors           0.007889   [[18.73741066733525]]  1.350786e+06   990.793477   \n",
       "FreeAgencyElig   0.276386  [[1352.7843137254895]]  7.587720e+05   701.583622   \n",
       "FreeAgent9192    0.010226   [[392.4162162162163]]  1.360698e+06   998.504812   \n",
       "ArbitrationElig  0.023867  [[486.82574257425745]]  1.416548e+06  1010.313372   \n",
       "Arbitration9192  0.013767    [[841.032786885246]]  1.389432e+06  1009.275024   \n",
       "\n",
       "                        RSME        r2  \n",
       "BattingAvg       1158.563724  0.038066  \n",
       "OnBasePct        1138.431184  0.071207  \n",
       "Runs              879.517830  0.445636  \n",
       "Hits              937.746340  0.369803  \n",
       "Doubles           974.016900  0.320110  \n",
       "Triples          1198.282973 -0.029021  \n",
       "HomeRuns          864.996536  0.463791  \n",
       "RBI               794.869384  0.547210  \n",
       "Walks             903.194416  0.415388  \n",
       "Strikeouts        997.313867  0.287197  \n",
       "StolenBases      1211.187440 -0.051304  \n",
       "Errors           1162.232987  0.031963  \n",
       "FreeAgencyElig    871.075174  0.456228  \n",
       "FreeAgent9192    1166.489620  0.024859  \n",
       "ArbitrationElig  1190.188277 -0.015166  \n",
       "Arbitration9192  1178.741558  0.004267  "
      ]
     },
     "execution_count": 9,
     "metadata": {},
     "output_type": "execute_result"
    }
   ],
   "source": [
    "type_math=['Score','Coefficients','MSE','MAE','RSME','r2']\n",
    "df = pd.DataFrame(data=ans,\n",
    "                  index=a,\n",
    "                  columns=type_math\n",
    "                 )\n",
    "df"
   ]
  },
  {
   "cell_type": "markdown",
   "id": "8f134534",
   "metadata": {},
   "source": [
    "##### 3.5 Sorting the result values by \"r2\""
   ]
  },
  {
   "cell_type": "code",
   "execution_count": 10,
   "id": "5028371a",
   "metadata": {},
   "outputs": [
    {
     "data": {
      "text/html": [
       "<div>\n",
       "<style scoped>\n",
       "    .dataframe tbody tr th:only-of-type {\n",
       "        vertical-align: middle;\n",
       "    }\n",
       "\n",
       "    .dataframe tbody tr th {\n",
       "        vertical-align: top;\n",
       "    }\n",
       "\n",
       "    .dataframe thead th {\n",
       "        text-align: right;\n",
       "    }\n",
       "</style>\n",
       "<table border=\"1\" class=\"dataframe\">\n",
       "  <thead>\n",
       "    <tr style=\"text-align: right;\">\n",
       "      <th></th>\n",
       "      <th>Score</th>\n",
       "      <th>Coefficients</th>\n",
       "      <th>MSE</th>\n",
       "      <th>MAE</th>\n",
       "      <th>RSME</th>\n",
       "      <th>r2</th>\n",
       "    </tr>\n",
       "  </thead>\n",
       "  <tbody>\n",
       "    <tr>\n",
       "      <th>RBI</th>\n",
       "      <td>0.416526</td>\n",
       "      <td>[[27.578354932326395]]</td>\n",
       "      <td>6.318173e+05</td>\n",
       "      <td>605.681352</td>\n",
       "      <td>794.869384</td>\n",
       "      <td>0.547210</td>\n",
       "    </tr>\n",
       "    <tr>\n",
       "      <th>HomeRuns</th>\n",
       "      <td>0.311671</td>\n",
       "      <td>[[81.55546467249751]]</td>\n",
       "      <td>7.482190e+05</td>\n",
       "      <td>704.596379</td>\n",
       "      <td>864.996536</td>\n",
       "      <td>0.463791</td>\n",
       "    </tr>\n",
       "    <tr>\n",
       "      <th>FreeAgencyElig</th>\n",
       "      <td>0.276386</td>\n",
       "      <td>[[1352.7843137254895]]</td>\n",
       "      <td>7.587720e+05</td>\n",
       "      <td>701.583622</td>\n",
       "      <td>871.075174</td>\n",
       "      <td>0.456228</td>\n",
       "    </tr>\n",
       "    <tr>\n",
       "      <th>Runs</th>\n",
       "      <td>0.403552</td>\n",
       "      <td>[[27.17521016628064]]</td>\n",
       "      <td>7.735516e+05</td>\n",
       "      <td>675.743730</td>\n",
       "      <td>879.517830</td>\n",
       "      <td>0.445636</td>\n",
       "    </tr>\n",
       "    <tr>\n",
       "      <th>Walks</th>\n",
       "      <td>0.292921</td>\n",
       "      <td>[[27.218120279023378]]</td>\n",
       "      <td>8.157602e+05</td>\n",
       "      <td>686.996891</td>\n",
       "      <td>903.194416</td>\n",
       "      <td>0.415388</td>\n",
       "    </tr>\n",
       "    <tr>\n",
       "      <th>Hits</th>\n",
       "      <td>0.390506</td>\n",
       "      <td>[[14.864343367220238]]</td>\n",
       "      <td>8.793682e+05</td>\n",
       "      <td>700.540316</td>\n",
       "      <td>937.746340</td>\n",
       "      <td>0.369803</td>\n",
       "    </tr>\n",
       "    <tr>\n",
       "      <th>Doubles</th>\n",
       "      <td>0.337160</td>\n",
       "      <td>[[67.8438494684309]]</td>\n",
       "      <td>9.487089e+05</td>\n",
       "      <td>716.090295</td>\n",
       "      <td>974.016900</td>\n",
       "      <td>0.320110</td>\n",
       "    </tr>\n",
       "    <tr>\n",
       "      <th>Strikeouts</th>\n",
       "      <td>0.126206</td>\n",
       "      <td>[[14.133071672671646]]</td>\n",
       "      <td>9.946349e+05</td>\n",
       "      <td>826.032302</td>\n",
       "      <td>997.313867</td>\n",
       "      <td>0.287197</td>\n",
       "    </tr>\n",
       "    <tr>\n",
       "      <th>OnBasePct</th>\n",
       "      <td>0.117064</td>\n",
       "      <td>[[8836.559095632105]]</td>\n",
       "      <td>1.296026e+06</td>\n",
       "      <td>939.584877</td>\n",
       "      <td>1138.431184</td>\n",
       "      <td>0.071207</td>\n",
       "    </tr>\n",
       "    <tr>\n",
       "      <th>BattingAvg</th>\n",
       "      <td>0.087460</td>\n",
       "      <td>[[8900.013896828214]]</td>\n",
       "      <td>1.342270e+06</td>\n",
       "      <td>960.236318</td>\n",
       "      <td>1158.563724</td>\n",
       "      <td>0.038066</td>\n",
       "    </tr>\n",
       "    <tr>\n",
       "      <th>Errors</th>\n",
       "      <td>0.007889</td>\n",
       "      <td>[[18.73741066733525]]</td>\n",
       "      <td>1.350786e+06</td>\n",
       "      <td>990.793477</td>\n",
       "      <td>1162.232987</td>\n",
       "      <td>0.031963</td>\n",
       "    </tr>\n",
       "    <tr>\n",
       "      <th>FreeAgent9192</th>\n",
       "      <td>0.010226</td>\n",
       "      <td>[[392.4162162162163]]</td>\n",
       "      <td>1.360698e+06</td>\n",
       "      <td>998.504812</td>\n",
       "      <td>1166.489620</td>\n",
       "      <td>0.024859</td>\n",
       "    </tr>\n",
       "    <tr>\n",
       "      <th>Arbitration9192</th>\n",
       "      <td>0.013767</td>\n",
       "      <td>[[841.032786885246]]</td>\n",
       "      <td>1.389432e+06</td>\n",
       "      <td>1009.275024</td>\n",
       "      <td>1178.741558</td>\n",
       "      <td>0.004267</td>\n",
       "    </tr>\n",
       "    <tr>\n",
       "      <th>ArbitrationElig</th>\n",
       "      <td>0.023867</td>\n",
       "      <td>[[486.82574257425745]]</td>\n",
       "      <td>1.416548e+06</td>\n",
       "      <td>1010.313372</td>\n",
       "      <td>1190.188277</td>\n",
       "      <td>-0.015166</td>\n",
       "    </tr>\n",
       "    <tr>\n",
       "      <th>Triples</th>\n",
       "      <td>0.075782</td>\n",
       "      <td>[[142.8664117217377]]</td>\n",
       "      <td>1.435882e+06</td>\n",
       "      <td>968.708104</td>\n",
       "      <td>1198.282973</td>\n",
       "      <td>-0.029021</td>\n",
       "    </tr>\n",
       "    <tr>\n",
       "      <th>StolenBases</th>\n",
       "      <td>0.094229</td>\n",
       "      <td>[[32.84716529222174]]</td>\n",
       "      <td>1.466975e+06</td>\n",
       "      <td>1005.526411</td>\n",
       "      <td>1211.187440</td>\n",
       "      <td>-0.051304</td>\n",
       "    </tr>\n",
       "  </tbody>\n",
       "</table>\n",
       "</div>"
      ],
      "text/plain": [
       "                    Score            Coefficients           MSE          MAE  \\\n",
       "RBI              0.416526  [[27.578354932326395]]  6.318173e+05   605.681352   \n",
       "HomeRuns         0.311671   [[81.55546467249751]]  7.482190e+05   704.596379   \n",
       "FreeAgencyElig   0.276386  [[1352.7843137254895]]  7.587720e+05   701.583622   \n",
       "Runs             0.403552   [[27.17521016628064]]  7.735516e+05   675.743730   \n",
       "Walks            0.292921  [[27.218120279023378]]  8.157602e+05   686.996891   \n",
       "Hits             0.390506  [[14.864343367220238]]  8.793682e+05   700.540316   \n",
       "Doubles          0.337160    [[67.8438494684309]]  9.487089e+05   716.090295   \n",
       "Strikeouts       0.126206  [[14.133071672671646]]  9.946349e+05   826.032302   \n",
       "OnBasePct        0.117064   [[8836.559095632105]]  1.296026e+06   939.584877   \n",
       "BattingAvg       0.087460   [[8900.013896828214]]  1.342270e+06   960.236318   \n",
       "Errors           0.007889   [[18.73741066733525]]  1.350786e+06   990.793477   \n",
       "FreeAgent9192    0.010226   [[392.4162162162163]]  1.360698e+06   998.504812   \n",
       "Arbitration9192  0.013767    [[841.032786885246]]  1.389432e+06  1009.275024   \n",
       "ArbitrationElig  0.023867  [[486.82574257425745]]  1.416548e+06  1010.313372   \n",
       "Triples          0.075782   [[142.8664117217377]]  1.435882e+06   968.708104   \n",
       "StolenBases      0.094229   [[32.84716529222174]]  1.466975e+06  1005.526411   \n",
       "\n",
       "                        RSME        r2  \n",
       "RBI               794.869384  0.547210  \n",
       "HomeRuns          864.996536  0.463791  \n",
       "FreeAgencyElig    871.075174  0.456228  \n",
       "Runs              879.517830  0.445636  \n",
       "Walks             903.194416  0.415388  \n",
       "Hits              937.746340  0.369803  \n",
       "Doubles           974.016900  0.320110  \n",
       "Strikeouts        997.313867  0.287197  \n",
       "OnBasePct        1138.431184  0.071207  \n",
       "BattingAvg       1158.563724  0.038066  \n",
       "Errors           1162.232987  0.031963  \n",
       "FreeAgent9192    1166.489620  0.024859  \n",
       "Arbitration9192  1178.741558  0.004267  \n",
       "ArbitrationElig  1190.188277 -0.015166  \n",
       "Triples          1198.282973 -0.029021  \n",
       "StolenBases      1211.187440 -0.051304  "
      ]
     },
     "execution_count": 10,
     "metadata": {},
     "output_type": "execute_result"
    }
   ],
   "source": [
    "df.sort_values(by='r2', axis=0, ascending=False, inplace=True)\n",
    "df"
   ]
  },
  {
   "cell_type": "markdown",
   "id": "b7c7c427",
   "metadata": {},
   "source": [
    "##### From the above table, we can tell that \"RBI\" has the highest values on r2 which we can say \"RBI\" has the best performance in single feature linear regression mode."
   ]
  },
  {
   "cell_type": "code",
   "execution_count": null,
   "id": "f56ebe60",
   "metadata": {},
   "outputs": [],
   "source": []
  }
 ],
 "metadata": {
  "kernelspec": {
   "display_name": "Python 3 (ipykernel)",
   "language": "python",
   "name": "python3"
  },
  "language_info": {
   "codemirror_mode": {
    "name": "ipython",
    "version": 3
   },
   "file_extension": ".py",
   "mimetype": "text/x-python",
   "name": "python",
   "nbconvert_exporter": "python",
   "pygments_lexer": "ipython3",
   "version": "3.9.7"
  }
 },
 "nbformat": 4,
 "nbformat_minor": 5
}
